id	baseMean	log2FoldChange	lfcSE	stat	pvalue	padj
CD207	353.383139025227	3.28838221761236	0.503352962143632	6.53295493406477	6.44845521745280e-11	8.08055923299011e-07
DIO1	111.74364416838	3.23978324787144	0.545835490917559	5.93545729762882	2.93027587592972e-09	2.44795246675169e-05
PRR32	13.5770021704008	3.01892211851953	0.540908047909794	5.58121131712759	2.38849234007716e-08	0.000119720790054027
RRAD	2053.22861017738	2.61877327281464	0.370033626213175	7.07712242158764	1.47178509685406e-12	3.68858780973565e-08
MYRFL	39.0299937449743	2.60905344917012	0.537770744772414	4.85160911881563	1.22463800875475e-06	0.00216502857303877
KRT20	23.2836669051135	2.60481754077556	0.599532505259117	4.34474781254731	1.39435756508514e-05	0.0081268347200381
CD1A	301.825737248857	2.5024830482847	0.479762382491685	5.21608850466318	1.82740886497651e-07	0.000572481512175516
FEZF1	69.1310528139912	2.39145145563486	0.526339756449732	4.54355086487421	5.53144501463724e-06	0.00495103839131566
AC007686.1	6.50905812101172	2.37523876896382	0.564507054183852	4.20763345889073	2.58058999583323e-05	0.0129349492951145
AC024145.1	14.5009327905532	2.36526632102243	0.493940503543987	4.78856523012755	1.67977963774586e-06	0.00216502857303877
AC011700.1	2.02105331966702	2.34640811523243	0.587217326567158	3.99580872204404	6.44737763447784e-05	0.0230834540393262
AL355916.1	214.031298270152	2.30925386267614	0.562790705209575	4.10321961841251	4.07440148737155e-05	0.0176056293235355
AC016705.2	72.0933779046286	2.27609169871943	0.481810112813662	4.72404301650617	2.31201478846777e-06	0.00263380521038997
PLA1A	555.559495967346	2.27167868298593	0.442534430789626	5.13333771325434	2.84648479756638e-07	0.000792651133295652
PIGR	30715.394377806	2.25638639434381	0.563804696292045	4.00207094616862	6.27904632409086e-05	0.0230834540393262
MT-TT	12.8746516325663	2.22647893059362	0.525809079293813	4.23438662106004	2.29176372741628e-05	0.0119658713617722
FCER1A	183.811467770734	2.22345111371661	0.462534602334632	4.80710222001511	1.53133703019198e-06	0.00216502857303877
RN7SKP51	7.76432070989565	2.1898375850888	0.550665837100593	3.97670862717559	6.9875696332874e-05	0.0243225652985346
SLCO4C1	739.597866100535	2.16367797031725	0.519809458476622	4.16244440156635	3.1485882000901e-05	0.0150831079804794
MDM2	8043.57009364471	2.15262755952948	0.401618305496752	5.35988407417573	8.32753716450041e-08	0.000347841227361182
ENSG00000278350	24.9659071531932	2.15225321188769	0.514690640300919	4.18164435752971	2.89408410613212e-05	0.0142218697780163
SCTR	592.630630949521	2.13416345037109	0.565627769073743	3.77308818105931	0.000161239266607574	0.0385537950295226
SERPINI2	18.6196192684112	2.11321869666228	0.541297674185545	3.90398628599669	9.46211448288093e-05	0.0292764831074027
TDRD10	112.094932035933	2.07105146110163	0.51745997423866	4.00234136784932	6.27187181500973e-05	0.0230834540393262
CD1E	141.935453924283	2.06830089481946	0.426838287473622	4.84563113365802	1.26209816013577e-06	0.00216502857303877
AL049629.1	5.98355860408287	2.05140192235373	0.56063323721162	3.65908010120241	0.000253122220054801	0.0478384649582043
NRAP	7.90404695805193	2.03105752341919	0.499488316600191	4.06627633904183	4.77702877631365e-05	0.0193099830954795
HHLA2	1474.38635774437	2.0203775030137	0.589504100288267	3.42724927956521	0.000609729064072554	0.07987853475134
REN	35.3765428727212	2.01414527233146	0.518604073221945	3.88378220752901	0.0001028440371819	0.030323261880621
AP001372.1	6.50974045415655	1.99649460521517	0.5300571046685	3.76656512596654	0.000165508924432283	0.0387662118142232
LPCAT1	41064.4136279681	1.99420046856329	0.456259484875222	4.37075947935344	1.23815120436521e-05	0.00745901892131227
RN7SL8P	6.46212181703736	1.98083569998722	0.531687494108468	3.72556383578041	0.000194879125089821	0.0428426371315886
TRIM9	90.8419430153466	1.97474184082798	0.441476249757298	4.47304207624668	7.71145960238402e-06	0.00583057394329525
SULT1C2P1	9.05930138769246	1.97454185317836	0.58097565775734	3.39866537747969	0.000677155099068989	0.082329043817715
SELE	116.688288064511	1.97090583373418	0.446827290448266	4.4108895671008	1.02946814343513e-05	0.00716681405854753
DMRT2	27.3499181516845	1.9674243107449	0.53359710406508	3.68709705460648	0.000226826863047658	0.0465110902688313
HABP2	473.413950686975	1.96492318065872	0.556709761802927	3.5295288774805	0.000416300269222926	0.0651149669423989
SLC35E3	1494.17272768389	1.9635041067824	0.410980619534918	4.77760754023969	1.7739318220513e-06	0.00216502857303877
AC136475.7	4.72818012972743	1.93313898076832	0.561416413428637	3.44332465978757	0.000574609060733929	0.0761949856090674
CCT2	13107.033822018	1.91479692375622	0.446916455313055	4.28446279163059	1.83181260601576e-05	0.0102019750071037
FOSB	6107.3083358184	1.91447744688004	0.543169092059982	3.52464356839477	0.000424052954314293	0.0651149669423989
PLP1	6.61864992736987	1.91190918348358	0.565434260360825	3.38131117534958	0.000721407958950717	0.0840926803126645
LHFPL3	19.8622761152432	1.88116226174637	0.554515228272479	3.39244472619244	0.000692719066442016	0.082329043817715
CD1B	67.4799484693139	1.87779903307252	0.503171193197498	3.73192873212729	0.000190019267041576	0.0424822338389046
OXER1	89.964692780209	1.8625613537709	0.416209577095277	4.47505645297666	7.63911261289103e-06	0.00583057394329525
HBB	1439.85884762343	1.85101208955403	0.496261249368829	3.72991462039047	0.000191544666179723	0.0424822338389046
CYP21A1P	15.8043088822539	1.84807556044607	0.504520194981013	3.66303584837793	0.000249243641368826	0.0478384649582043
FRS2	2534.44488156091	1.82872896670979	0.417303391352855	4.38225282756807	1.17458388923124e-05	0.00745901892131227
HLA-G	671.42283056625	1.82627150378822	0.503487138256576	3.627245593824	0.000286460795492056	0.0520237714247965
GFAP	33.2654392273247	1.81300658241504	0.533666869842031	3.39726275860389	0.000680635773237939	0.082329043817715
S100B	444.852730758161	1.80454632110524	0.441748176964555	4.08501135987718	4.40746602338889e-05	0.0184099855796954
CD1C	225.133892538311	1.80346420388335	0.440511710258422	4.09402102574155	4.23955840545556e-05	0.0180087818233097
AC007638.2	2.80258639454222	1.79195929232155	0.539231489385321	3.32317256613525	0.000889998387806373	0.0925524464531258
MIR4697HG	155.031066836882	1.79124792606314	0.504570582079916	3.55004431427481	0.000385166310011549	0.0630917520360095
CTSH	22478.3084514341	1.77980836886434	0.451851912980318	3.93891962772738	8.1849340883794e-05	0.0272903500378456
MALRD1	47.5578532537384	1.77143322521208	0.488132387188845	3.62900162272323	0.000284519452527846	0.0520237714247965
CCL15	12.4182172914958	1.76401368637284	0.51662777987405	3.41447702793468	0.000639045821762699	0.0808877090152362
CLEC4F	17.9712930351714	1.73737117026362	0.453462246553161	3.83134689485102	0.000127443670312473	0.0329277656223835
BCRP3	62.2233142059255	1.72251380106963	0.51320050106748	3.35641488557926	0.000789600208231018	0.0874100555002979
HLA-DQB1-AS1	130.605233840461	1.72210938810136	0.467789809471659	3.6813743122074	0.00023198014059548	0.0465110902688313
AL355864.2	4.60467522255334	1.72077863630264	0.520687427108691	3.3048207940374	0.000950371457991686	0.0968772921296567
RAB3IP	2361.04034411307	1.71704919835354	0.469354189262283	3.65832294168364	0.000253871033414778	0.0478384649582043
AC068234.2	21.9077227893675	1.69724235786478	0.395671693511443	4.28952180734075	1.79058231944434e-05	0.0101989941113441
CYP21A2	13.2977785275669	1.69453070642263	0.490371521092781	3.45560586929357	0.000549057522372209	0.0742736482727123
AC113404.3	48.1213187686896	1.69214446373419	0.478386513481435	3.53719098688566	0.000404407112857927	0.0645557392512444
YES1P1	15.7431401855226	1.68465839210339	0.448514574344929	3.75608394568646	0.000172592822058205	0.0400511232076178
AC084033.3	355.966726876994	1.67025163848705	0.4960247827987	3.36727457257894	0.000759150632838382	0.0863579053656582
AC007608.3	11.720133822964	1.66951196216473	0.44224811227661	3.77505729435541	0.000159970891182024	0.0385537950295226
ENSG00000244731	556.502217101547	1.66599679050278	0.394267971615605	4.22554432630165	2.38363897205519e-05	0.0121915836566627
AC079210.1	9.85974571531549	1.66567946704141	0.465602892980806	3.57746803585707	0.000346938629337823	0.05874983735449
RNU4-62P	7.20817575275242	1.65078893999861	0.478907045288282	3.44699238868976	0.000566864552069598	0.0759719754222901
ADGRE4P	48.5442389602856	1.64917478966419	0.413201291367304	3.99121402599441	6.57359219493705e-05	0.0232038545900722
PLD4	306.175788738555	1.64893862389044	0.415117226907939	3.97222402975852	7.12047056053876e-05	0.0243328322529068
ENSG00000261496	5.46403482157839	1.64255183658295	0.448714909860306	3.66056888346836	0.00025165588529241	0.0478384649582043
THBS4	145.120678022605	1.63293964967945	0.421859355608045	3.87081530365925	0.000108471955777106	0.031610745996347
UBE2FP3	8.23222352933326	1.61930696199016	0.444370751364037	3.64404488148589	0.000268386587883472	0.0501963034741461
CEACAM4	69.8145404578437	1.60656982123841	0.438815455448136	3.66115140497436	0.00025108431829405	0.0478384649582043
SDHAP3	542.051356475371	1.58944398911508	0.467857676987712	3.39728098371425	0.000680590440195671	0.082329043817715
AC020916.1	869.677993196909	1.58477523637099	0.469300037231879	3.37689135018748	0.000733100017718201	0.0844708587136731
RAP1B	3854.70351982449	1.58443969267217	0.384272494579237	4.12321910889582	3.7361399351269e-05	0.016720560545384
NUP107	3022.79191571961	1.58312541482016	0.396070661487501	3.99707822052383	6.41291151378066e-05	0.0230834540393262
YEATS4	1198.33199813364	1.5682620594107	0.418903877098379	3.74372772645024	0.000181310122830087	0.0413090390760695
ENSG00000272367	17.5602890762718	1.56782100822186	0.424641438978218	3.69210553730788	0.000222405131981876	0.0464493118144148
MS4A4E	20.4962079773448	1.55708828395096	0.445225053342158	3.49730607534866	0.000469982271431839	0.068084946165461
CNN2P1	11.7868653442067	1.55522726511797	0.463800918135395	3.35322161795282	0.000798767209880938	0.0874179205853104
HMGA1P4	20.7745960137456	1.55399820328917	0.457847373577399	3.39414025933352	0.000688444231703565	0.082329043817715
RASSF8-AS1	206.184893189481	1.54659743786854	0.454743243764904	3.40103444982266	0.000671313671930737	0.082329043817715
MMP19	1215.33011888992	1.54345242595278	0.404719427039825	3.81363562713509	0.00013693732012877	0.0346658900713862
SV2C	8.93547974382601	1.53668661606017	0.459325843153699	3.34552614220308	0.00082126616877761	0.0887179858702778
SLC4A5	86.8114033084782	1.51715651923299	0.402492465285964	3.7694035294675	0.000163638141251853	0.0386896141137164
MT-TL1	12.112728227264	1.51676911520589	0.45917896607137	3.3032199366252	0.000955813906572213	0.0969822191356794
LRRC37A	32.292162587612	1.51425021175408	0.422193879987911	3.58662283735008	0.000334988298286186	0.0571120866098531
VAV3	489.782843511126	1.50276495979071	0.389385242303291	3.85932695060953	0.000113699736816352	0.0320173348774317
AC007216.3	18.1535145519733	1.49968528335801	0.425799306638879	3.52204726493341	0.000428227787313552	0.0651149669423989
NKX2-8	42.7364448133173	1.49686106039727	0.404869461065004	3.69714489322015	0.000218037906745903	0.0464493118144148
TRNP1	616.136780923678	1.49569698596792	0.446426556150661	3.35037637291261	0.000807018242179748	0.0879369181978646
AC106872.5	29.4306599219651	1.44962727181329	0.418221465972506	3.46617137033466	0.000527926672733757	0.0726972432530408
DIRAS3	57.3660849662814	1.42811017228595	0.397854641658655	3.58952748755717	0.000331277899399971	0.056866347361384
CPVL	2145.09878637224	1.42287162850811	0.410172012856693	3.46896322496102	0.000522470966150542	0.0723434660423474
DOK5	146.198051123242	1.41735558837233	0.402286773136033	3.52324680556438	0.000426294189888234	0.0651149669423989
